variant: vol_percentile
feature: atr_percentile_60
edges_q20_q40_q60_q80: [0.1333333333333333, 0.35, 0.5833333333333334, 0.8333333333333334]
n_finite: 1033074
n_missing: 0
